18
0.47777694248027297 -0.8784805273134839 0.0010753442357116505 0.21369572219430355 
0.5489070354866943 0.29948792771286975 0.7803896767304525 0.44853520116581036 
-0.6858791873408983 -0.372261929674892 0.6252925683928403 0.5038395177873044 
0.0 0.0 0.0 1.0 

-0.0002545085318076401 -0.9999989571364843 0.0014216016851941182 0.2136900970889877 
0.6244087421622463 0.0009514927190696909 0.7810971881737685 0.4485212106018244 
-0.7810977262396614 0.0010864564186688352 0.624407848826135 0.5037729803679064 
0.0 0.0 0.0 1.0 

0.41867590585085146 -0.8785072301565489 0.2300772314303126 0.21393445146998072 
0.10803181486385349 0.2997328583115737 0.9478867762689784 0.6046916735803552 
-0.9016870925311016 -0.3720016938281905 0.22039765641169196 0.6288494794651097 
0.0 0.0 0.0 1.0 

-0.0018740939452139838 -0.9999982295071396 0.000169571432311999 0.2139190551996477 
0.6243309706434618 -0.0010375944372935653 0.7811592427240279 0.604707167233368 
-0.7811576837407909 0.0015698345039658057 0.6243318098193882 0.62876361705005 
0.0 0.0 0.0 1.0 

-0.0005370720530705198 -0.9999997863499903 0.0003726306270393498 0.41397161577942776 
0.17352392930690957 0.00027378288256751926 0.9848296152131212 0.6046207677802975 
-0.9848295068241513 0.0005935847939508854 0.17352374519238523 0.6284492653688791 
0.0 0.0 0.0 1.0 

-0.0006198374337544887 -0.999999377069569 0.0009282575233405255 0.41389330753832726 
0.624406699302533 0.0003380308917901864 0.7810993276154016 0.6046418277623486 
-0.7810991548245791 0.0010637648189882887 0.6244061008163981 0.6285099946446983 
0.0 0.0 0.0 1.0 

-0.4221671139767663 -0.8769530421584111 -0.22962641338843393 0.6139448191261758 
0.1062039949805677 -0.2994079083305422 0.9481959796789359 0.6047005100880716 
-0.9002753130718931 0.3759099177705181 0.21953608904931093 0.6281251566792717 
0.0 0.0 0.0 1.0 

-0.0018548387661783128 -0.9999971753289114 0.0014862393314000188 0.6138753240765862 
0.6245421491948222 2.3147127160561e-06 0.7809911035816957 0.6046509350276682 
-0.7809889009789219 0.0023768316812140533 0.6245403807752506 0.6281350602706808 
0.0 0.0 0.0 1.0 

-0.47968364189385104 -0.8774398332445084 0.0017154402645119804 0.613775375080283 
0.5486597298409126 -0.29841748023231884 0.7809734363873655 0.44858766570928715 
-0.6847452844308958 0.37556137518073274 0.6245618855822124 0.5031855044523991 
0.0 0.0 0.0 1.0 

-0.002079507374956213 -0.99999641791147 0.0016851745625394154 0.6137584220027373 
0.6246291302045162 1.7068290411259568e-05 0.7809215385738975 0.4484635204635275 
-0.78091877000686 0.0026765412199682426 0.6246268572340374 0.5031422646492006 
0.0 0.0 0.0 1.0 

-0.42085736246485617 -0.8774961428198376 0.2299556474527907 0.6135538384883676 
0.8554007922586127 -0.2995178930892126 0.42258551362148844 0.2923634864332117 
-0.30194132718537037 0.3745524676940555 0.8766652062685223 0.37810233854067776 
0.0 0.0 0.0 1.0 

-0.0014410197727915408 -0.9999983614211285 0.0010957267325503728 0.613463258603908 
0.6257012328964615 -4.691226721642572e-05 0.7800627955178272 0.2923968290818395 
-0.7800614659203866 0.0018096834798346229 0.625700275237146 0.37817974409645194 
0.0 0.0 0.0 1.0 

-0.0014021841914019229 -0.9999975272478897 0.0017260873673992927 0.41354014631580727 
0.9226468168285239 -0.0006280644962342041 0.3856455068209422 0.29238064522989865 
-0.38564346912100844 0.0021333150482483187 0.9226454160137679 0.3784462733950821 
0.0 0.0 0.0 1.0 

-0.0019524358717286638 -0.9999980937559768 -2.187645622703238e-05 0.41354729901052406 
0.6249272371338813 -0.0012372112694822857 0.7806820207975129 0.29237644137249524 
-0.780680559692875 0.0015105603884704721 0.624928461445734 0.3785264047748872 
0.0 0.0 0.0 1.0 

0.4209118934589674 -0.8776947167703267 -0.22909640350351004 0.2135230091662269 
0.855330917827693 0.29992122488146833 0.42244085961662886 0.29241707493731983 
-0.3020632366787184 -0.3737636191753499 0.8769598383210719 0.3787109769689375 
0.0 0.0 0.0 1.0 

-0.0003512676824147798 -0.9999998689282525 0.00037249764179875244 0.21354798202303865 
0.6247268969136941 7.141593754889097e-05 0.7808433256245139 0.2924163244666139 
-0.7808432498802829 0.0005069943211897243 0.6247267899435371 0.3788570086462466 
0.0 0.0 0.0 1.0 

-0.00042483050953612267 -0.9999999090716543 3.7090721334565036e-05 0.4137253747390884 
0.6250574764403682 -0.00023659128095554482 0.7805786924907472 0.44850733701810597 
-0.7805786127386767 0.0003547974763405404 0.6250575201161201 0.5034747663864121 
0.0 0.0 0.0 1.0 

-0.00042481154387474795 -0.9999999090816645 3.703801589266531e-05 0.41372534753521156 
0.6250575201226867 -0.00023662058692486276 0.7805786575027368 0.4485073333429743 
-0.7805785777698675 0.0003547497149736234 0.6250575638126543 0.5034748042258146 
0.0 0.0 0.0 1.0 

